[12] (0.9982891561306708)
[16, 12] (0.9764303330854276)
[16, 17, 12] (0.9763362660685572)
[16, 17, 18, 12] (0.9743520399314487)
[12, 16, 17, 18, 31] (0.9154219934564631)
[16, 17, 12, 31] (0.9171034413830204)
[16, 18, 12] (0.974446106948319)
[16, 18, 12, 31] (0.9154984229076703)
[16, 12, 31] (0.9171798708342275)
[17, 12] (0.9981950891138005)
[17, 18, 12] (0.996196165005306)
[17, 18, 12, 31] (0.9316573726494269)
[17, 12, 31] (0.9333505789530929)
[18, 12] (0.9962902320221763)
[18, 12, 31] (0.9317338021006341)
[12, 31] (0.9334270084043)
[16] (0.9771622920604498)
[16, 17] (0.9770682250435795)
[16, 17, 18] (0.9748164958272459)
[16, 17, 18, 31] (0.9158100199010533)
[16, 17, 31] (0.9176766622670739)
[16, 18] (0.9749105628441163)
[16, 18, 31] (0.9158864493522604)
[16, 31] (0.917753091718281)
[17] (0.9999059329831297)
[17, 18] (0.9967076544095383)
[17, 18, 31] (0.9320777346310662)
[17, 31] (0.9347557050175934)
[18] (0.9968017214264088)
[18, 31] (0.9321541640822734)
[31] (0.9348321344688006)
